2007 7 1 16718493.279900 6909885.500000 0.000000 0.000000 150485440.000000 0.000000
2007 7 2 22187455.647233 6909885.500000 0.000000 0.000000 150485440.000000 0.000000
2007 7 3 24717271.950823 6909885.500000 0.000000 0.000000 150485440.000000 0.000000
2007 7 4 24717980.211285 6909885.500000 0.000000 0.000000 150485440.000000 0.000000
2007 7 5 24721447.165338 6909885.500000 0.000000 0.000000 150485440.000000 0.000000
2007 7 6 24727105.619198 6909885.500000 0.000000 0.000000 150485440.000000 0.000000
2007 7 7 24727298.479366 6909885.500000 0.000000 0.000000 150485440.000000 0.000000
2007 7 8 24723868.827527 6909885.500000 0.000000 0.000000 150485440.000000 0.000000
2007 7 9 24720965.348488 6909885.500000 0.000000 0.000000 150485440.000000 0.000000
2007 7 10 24719435.829946 6909885.500000 0.000000 0.000000 150485440.000000 0.000000
2007 7 11 24718579.780718 6909885.500000 0.000000 0.000000 150485440.000000 0.000000
2007 7 12 24717902.447556 6909885.500000 0.000000 0.000000 150485440.000000 0.000000
2007 7 13 24717737.825506 6909885.500000 0.000000 0.000000 150485440.000000 0.000000
2007 7 14 24718105.351131 6909885.500000 0.000000 0.000000 150485440.000000 0.000000
2007 7 15 24718250.237054 6909885.500000 0.000000 0.000000 150485440.000000 0.000000
2007 7 16 24717724.915991 6909885.500000 0.000000 0.000000 150485440.000000 0.000000
2007 7 17 24717821.623662 6909885.500000 0.000000 0.000000 150485440.000000 0.000000
2007 7 18 24717772.716160 6909885.500000 0.000000 0.000000 150485440.000000 0.000000
2007 7 19 24717429.440715 6909885.500000 0.000000 0.000000 150485440.000000 0.000000
2007 7 20 24717769.371772 6909885.500000 0.000000 0.000000 150485440.000000 0.000000
2007 7 21 24718158.393828 6909885.500000 0.000000 0.000000 150485440.000000 0.000000
2007 7 22 24726467.167476 6909885.500000 0.000000 0.000000 150485440.000000 0.000000
2007 7 23 24738518.997900 6909885.500000 0.000000 0.000000 150485440.000000 0.000000
2007 7 24 24739293.491411 6909885.500000 0.000000 0.000000 150485440.000000 0.000000
2007 7 25 24732401.042334 6909885.500000 0.000000 0.000000 150485440.000000 0.000000
2007 7 26 24725809.032093 6909885.500000 0.000000 0.000000 150485440.000000 0.000000
2007 7 27 24725113.176788 6909885.500000 0.000000 0.000000 150485440.000000 0.000000
2007 7 28 24728559.432233 6909885.500000 0.000000 0.000000 150485440.000000 0.000000
2007 7 29 24728164.814424 6909885.500000 0.000000 0.000000 150485440.000000 0.000000
2007 7 30 24724620.128932 6909885.500000 0.000000 0.000000 150485440.000000 0.000000
2007 7 31 24721689.121987 6909885.500000 0.000000 0.000000 150485440.000000 0.000000
2007 8 1 25376727.992316 6909885.500000 0.000000 0.000000 150485440.000000 0.000000
2007 8 2 27988161.143161 6909885.500000 0.000000 0.000000 150485440.000000 0.000000
2007 8 3 29285187.711426 6909885.500000 0.000000 0.000000 150485440.000000 0.000000
2007 8 4 29400388.674583 6909885.500000 0.000000 0.000000 150485440.000000 0.000000
2007 8 5 29391517.238223 6909885.500000 0.000000 0.000000 150485440.000000 0.000000
2007 8 6 29323074.562502 6909885.500000 0.000000 0.000000 150485440.000000 0.000000
2007 8 7 29263887.575367 6909885.500000 0.000000 0.000000 150485440.000000 0.000000
2007 8 8 29223826.419434 6909885.500000 0.000000 0.000000 150485440.000000 0.000000
2007 8 9 29204419.226094 6909885.500000 0.000000 0.000000 150485440.000000 0.000000
2007 8 10 29198332.219501 6909885.500000 0.000000 0.000000 150485440.000000 0.000000
2007 8 11 29203428.174532 6909885.500000 0.000000 0.000000 150485440.000000 0.000000
2007 8 12 29342540.696670 6909885.500000 0.000000 0.000000 150485440.000000 0.000000
2007 8 13 29431637.033211 6909885.500000 0.000000 0.000000 150485440.000000 0.000000
2007 8 14 29354115.615794 6909885.500000 0.000000 0.000000 150485440.000000 0.000000
2007 8 15 29293149.013671 6909885.500000 0.000000 0.000000 150485440.000000 0.000000
2007 8 16 29239891.885793 6909885.500000 0.000000 0.000000 150485440.000000 0.000000
2007 8 17 29210305.513172 6909885.500000 0.000000 0.000000 150485440.000000 0.000000
2007 8 18 29198901.543042 6909885.500000 0.000000 0.000000 150485440.000000 0.000000
2007 8 19 29197418.165982 6909885.500000 0.000000 0.000000 150485440.000000 0.000000
2007 8 20 29197453.730166 6909885.500000 0.000000 0.000000 150485440.000000 0.000000
2007 8 21 29198879.643600 6909885.500000 0.000000 0.000000 150485440.000000 0.000000
2007 8 22 29240219.132864 6909885.500000 0.000000 0.000000 150485440.000000 0.000000
2007 8 23 29257040.377190 6909885.500000 0.000000 0.000000 150485440.000000 0.000000
2007 8 24 29231269.850598 6909885.500000 0.000000 0.000000 150485440.000000 0.000000
2007 8 25 29215947.748905 6909885.500000 0.000000 0.000000 150485440.000000 0.000000
2007 8 26 29202134.218927 6909885.500000 0.000000 0.000000 150485440.000000 0.000000
2007 8 27 29194878.193553 6909885.500000 0.000000 0.000000 150485440.000000 0.000000
2007 8 28 29191840.389063 6909885.500000 0.000000 0.000000 150485440.000000 0.000000
2007 8 29 29191421.592172 6909885.500000 0.000000 0.000000 150485440.000000 0.000000
2007 8 30 29191724.655700 6909885.500000 0.000000 0.000000 150485440.000000 0.000000
2007 8 31 29195621.079338 6909885.500000 0.000000 0.000000 150485440.000000 0.000000
2007 9 1 30894388.744555 6909885.500000 0.000000 0.000000 150485440.000000 0.000000
2007 9 2 37356007.839163 6909885.500000 0.000000 0.000000 150485440.000000 0.000000
2007 9 3 40329531.956620 6909885.500000 0.000000 0.000000 150485440.000000 0.000000
2007 9 4 40330256.209105 6909885.500000 0.000000 0.000000 150485440.000000 0.000000
2007 9 5 40265964.923516 6909885.500000 0.000000 0.000000 150485440.000000 0.000000
2007 9 6 40222198.572732 6909885.500000 0.000000 0.000000 150485440.000000 0.000000
2007 9 7 40208844.575182 6909885.500000 0.000000 0.000000 150485440.000000 0.000000
2007 9 8 40204675.729235 6909885.500000 0.000000 0.000000 150485440.000000 0.000000
2007 9 9 40193347.985312 6909885.500000 0.000000 0.000000 150485440.000000 0.000000
2007 9 10 40262852.575269 6909885.500000 0.000000 0.000000 150485440.000000 0.000000
2007 9 11 40353692.463803 6909885.500000 0.000000 0.000000 150485440.000000 0.000000
2007 9 12 40339134.025899 6909885.500000 0.000000 0.000000 150485440.000000 0.000000
2007 9 13 40279337.691700 6909885.500000 0.000000 0.000000 150485440.000000 0.000000
2007 9 14 40227191.866671 6909885.500000 0.000000 0.000000 150485440.000000 0.000000
2007 9 15 40192618.596726 6909885.500000 0.000000 0.000000 150485440.000000 0.000000
2007 9 16 40175750.618526 6909885.500000 0.000000 0.000000 150485440.000000 0.000000
2007 9 17 40170773.065715 6909885.500000 0.000000 0.000000 150485440.000000 0.000000
2007 9 18 40173023.737059 6909885.500000 0.000000 0.000000 150485440.000000 0.000000
2007 9 19 40249114.713268 6909885.500000 0.000000 0.000000 150485440.000000 0.000000
2007 9 20 40299359.396461 6909885.500000 0.000000 0.000000 150485440.000000 0.000000
2007 9 21 40273352.013716 6909885.500000 0.000000 0.000000 150485440.000000 0.000000
2007 9 22 40252916.668052 6909885.500000 0.000000 0.000000 150485440.000000 0.000000
2007 9 23 40220750.985228 6909885.500000 0.000000 0.000000 150485440.000000 0.000000
2007 9 24 40197977.089841 6909885.500000 0.000000 0.000000 150485440.000000 0.000000
2007 9 25 40181420.703433 6909885.500000 0.000000 0.000000 150485440.000000 0.000000
2007 9 26 40173451.952326 6909885.500000 0.000000 0.000000 150485440.000000 0.000000
2007 9 27 40169667.525434 6909885.500000 0.000000 0.000000 150485440.000000 0.000000
2007 9 28 40168722.868895 6909885.500000 0.000000 0.000000 150485440.000000 0.000000
2007 9 29 40168497.278075 6909885.500000 0.000000 0.000000 150485440.000000 0.000000
2007 9 30 40164845.365027 6909885.500000 0.000000 0.000000 150485440.000000 0.000000
2007 10 1 37671757.513793 6909885.500000 0.000000 0.000000 150485440.000000 0.000000
2007 10 2 27769510.725242 6909885.500000 0.000000 0.000000 150485440.000000 0.000000
2007 10 3 23199608.183329 6909885.500000 0.000000 0.000000 150485440.000000 0.000000
2007 10 4 23212912.516703 6909885.500000 0.000000 0.000000 150485440.000000 0.000000
2007 10 5 23213490.512695 6909885.500000 0.000000 0.000000 150485440.000000 0.000000
2007 10 6 23205085.780036 6909885.500000 0.000000 0.000000 150485440.000000 0.000000
2007 10 7 23197614.359758 6909885.500000 0.000000 0.000000 150485440.000000 0.000000
2007 10 8 23192401.691852 6909885.500000 0.000000 0.000000 150485440.000000 0.000000
2007 10 9 23189761.536698 6909885.500000 0.000000 0.000000 150485440.000000 0.000000
2007 10 10 23189433.074763 6909885.500000 0.000000 0.000000 150485440.000000 0.000000
2007 10 11 23189505.898977 6909885.500000 0.000000 0.000000 150485440.000000 0.000000
2007 10 12 23189182.859607 6909885.500000 0.000000 0.000000 150485440.000000 0.000000
2007 10 13 23189053.615299 6909885.500000 0.000000 0.000000 150485440.000000 0.000000
2007 10 14 23188486.131232 6909885.500000 0.000000 0.000000 150485440.000000 0.000000
2007 10 15 23187950.608154 6909885.500000 0.000000 0.000000 150485440.000000 0.000000
2007 10 16 23187817.864010 6909885.500000 0.000000 0.000000 150485440.000000 0.000000
2007 10 17 23188275.738024 6909885.500000 0.000000 0.000000 150485440.000000 0.000000
2007 10 18 23188451.822263 6909885.500000 0.000000 0.000000 150485440.000000 0.000000
2007 10 19 23188140.784773 6909885.500000 0.000000 0.000000 150485440.000000 0.000000
2007 10 20 23188016.167518 6909885.500000 0.000000 0.000000 150485440.000000 0.000000
2007 10 21 23187850.726236 6909885.500000 0.000000 0.000000 150485440.000000 0.000000
2007 10 22 23187788.776663 6909885.500000 0.000000 0.000000 150485440.000000 0.000000
2007 10 23 23187784.375254 6909885.500000 0.000000 0.000000 150485440.000000 0.000000
2007 10 24 23188218.908101 6909885.500000 0.000000 0.000000 150485440.000000 0.000000
2007 10 25 23188384.703572 6909885.500000 0.000000 0.000000 150485440.000000 0.000000
2007 10 26 23188092.351979 6909885.500000 0.000000 0.000000 150485440.000000 0.000000
2007 10 27 23187974.537307 6909885.500000 0.000000 0.000000 150485440.000000 0.000000
2007 10 28 23187812.589616 6909885.500000 0.000000 0.000000 150485440.000000 0.000000
2007 10 29 23187746.204782 6909885.500000 0.000000 0.000000 150485440.000000 0.000000
2007 10 30 23187722.129107 6909885.500000 0.000000 0.000000 150485440.000000 0.000000
2007 10 31 23187736.359254 6909885.500000 0.000000 0.000000 150485440.000000 0.000000
2007 11 1 26034744.949839 6909885.500000 0.000000 0.000000 150485440.000000 0.000000
2007 11 2 37345109.278544 6909885.500000 0.000000 0.000000 150485440.000000 0.000000
2007 11 3 42575772.014029 6909885.500000 0.000000 0.000000 150485440.000000 0.000000
2007 11 4 42578805.771617 6909885.500000 0.000000 0.000000 150485440.000000 0.000000
2007 11 5 42611182.897250 6909885.500000 0.000000 0.000000 150485440.000000 0.000000
2007 11 6 42652309.016611 6909885.500000 0.000000 0.000000 150485440.000000 0.000000
2007 11 7 42650118.880775 6909885.500000 0.000000 0.000000 150485440.000000 0.000000
2007 11 8 42625410.055508 6909885.500000 0.000000 0.000000 150485440.000000 0.000000
2007 11 9 42603840.249070 6909885.500000 0.000000 0.000000 150485440.000000 0.000000
2007 11 10 42589098.964224 6909885.500000 0.000000 0.000000 150485440.000000 0.000000
2007 11 11 42581905.071423 6909885.500000 0.000000 0.000000 150485440.000000 0.000000
2007 11 12 42580470.838846 6909885.500000 0.000000 0.000000 150485440.000000 0.000000
2007 11 13 42580465.879993 6909885.500000 0.000000 0.000000 150485440.000000 0.000000
2007 11 14 42579980.684551 6909885.500000 0.000000 0.000000 150485440.000000 0.000000
2007 11 15 42579755.912990 6909885.500000 0.000000 0.000000 150485440.000000 0.000000
2007 11 16 42578180.131683 6909885.500000 0.000000 0.000000 150485440.000000 0.000000
2007 11 17 42576805.768816 6909885.500000 0.000000 0.000000 150485440.000000 0.000000
2007 11 18 42576472.195992 6909885.500000 0.000000 0.000000 150485440.000000 0.000000
2007 11 19 42576497.822519 6909885.500000 0.000000 0.000000 150485440.000000 0.000000
2007 11 20 42577186.299292 6909885.500000 0.000000 0.000000 150485440.000000 0.000000
2007 11 21 42577455.558414 6909885.500000 0.000000 0.000000 150485440.000000 0.000000
2007 11 22 42577004.473481 6909885.500000 0.000000 0.000000 150485440.000000 0.000000
2007 11 23 42576791.623280 6909885.500000 0.000000 0.000000 150485440.000000 0.000000
2007 11 24 42576580.962589 6909885.500000 0.000000 0.000000 150485440.000000 0.000000
2007 11 25 42576487.928735 6909885.500000 0.000000 0.000000 150485440.000000 0.000000
2007 11 26 42576451.401096 6909885.500000 0.000000 0.000000 150485440.000000 0.000000
2007 11 27 42576444.894202 6909885.500000 0.000000 0.000000 150485440.000000 0.000000
2007 11 28 42576471.338232 6909885.500000 0.000000 0.000000 150485440.000000 0.000000
2007 11 29 42577177.290210 6909885.500000 0.000000 0.000000 150485440.000000 0.000000
2007 11 30 42577453.339180 6909885.500000 0.000000 0.000000 150485440.000000 0.000000
2007 12 1 40428013.612644 6909885.500000 0.000000 0.000000 150485440.000000 0.000000
2007 12 2 31897665.020181 6909885.500000 0.000000 0.000000 150485440.000000 0.000000
2007 12 3 27959930.849631 6909885.500000 0.000000 0.000000 150485440.000000 0.000000
2007 12 4 28147662.765577 6909885.500000 0.000000 0.000000 150485440.000000 0.000000
2007 12 5 28278516.665663 6909885.500000 0.000000 0.000000 150485440.000000 0.000000
2007 12 6 28177763.851502 6909885.500000 0.000000 0.000000 150485440.000000 0.000000
2007 12 7 28090524.072591 6909885.500000 0.000000 0.000000 150485440.000000 0.000000
2007 12 8 28012902.173448 6909885.500000 0.000000 0.000000 150485440.000000 0.000000
2007 12 9 27968775.985282 6909885.500000 0.000000 0.000000 150485440.000000 0.000000
2007 12 10 27951208.390144 6909885.500000 0.000000 0.000000 150485440.000000 0.000000
2007 12 11 27948001.246214 6909885.500000 0.000000 0.000000 150485440.000000 0.000000
2007 12 12 27950154.946797 6909885.500000 0.000000 0.000000 150485440.000000 0.000000
2007 12 13 28006837.363942 6909885.500000 0.000000 0.000000 150485440.000000 0.000000
2007 12 14 28079921.269910 6909885.500000 0.000000 0.000000 150485440.000000 0.000000
2007 12 15 28067049.668866 6909885.500000 0.000000 0.000000 150485440.000000 0.000000
2007 12 16 28021298.791170 6909885.500000 0.000000 0.000000 150485440.000000 0.000000
2007 12 17 27984367.451651 6909885.500000 0.000000 0.000000 150485440.000000 0.000000
2007 12 18 27975402.645859 6909885.500000 0.000000 0.000000 150485440.000000 0.000000
2007 12 19 27972558.130705 6909885.500000 0.000000 0.000000 150485440.000000 0.000000
2007 12 20 27959296.036933 6909885.500000 0.000000 0.000000 150485440.000000 0.000000
2007 12 21 27952412.087092 6909885.500000 0.000000 0.000000 150485440.000000 0.000000
2007 12 22 27946536.333140 6909885.500000 0.000000 0.000000 150485440.000000 0.000000
2007 12 23 27943398.100056 6909885.500000 0.000000 0.000000 150485440.000000 0.000000
2007 12 24 27939864.712548 6909885.500000 0.000000 0.000000 150485440.000000 0.000000
2007 12 25 27937497.463875 6909885.500000 0.000000 0.000000 150485440.000000 0.000000
2007 12 26 27937001.477258 6909885.500000 0.000000 0.000000 150485440.000000 0.000000
2007 12 27 27943946.719373 6909885.500000 0.000000 0.000000 150485440.000000 0.000000
2007 12 28 28105620.131146 6909885.500000 0.000000 0.000000 150485440.000000 0.000000
2007 12 29 28212275.917324 6909885.500000 0.000000 0.000000 150485440.000000 0.000000
2007 12 30 28156781.688428 6909885.500000 0.000000 0.000000 150485440.000000 0.000000
2007 12 31 28139660.231198 6909885.500000 0.000000 0.000000 150485440.000000 0.000000
2008 1 1 30152036.525463 6909885.500000 0.000000 0.000000 150485440.000000 0.000000
2008 1 2 38298230.222785 6909885.500000 0.000000 0.000000 150485440.000000 0.000000
2008 1 3 42057253.409398 6909885.500000 0.000000 0.000000 150485440.000000 0.000000
2008 1 4 42038355.971876 6909885.500000 0.000000 0.000000 150485440.000000 0.000000
2008 1 5 42053560.944885 6909885.500000 0.000000 0.000000 150485440.000000 0.000000
2008 1 6 42112475.552374 6909885.500000 0.000000 0.000000 150485440.000000 0.000000
2008 1 7 42154038.031186 6909885.500000 0.000000 0.000000 150485440.000000 0.000000
2008 1 8 42159630.810843 6909885.500000 0.000000 0.000000 150485440.000000 0.000000
2008 1 9 42157245.219945 6909885.500000 0.000000 0.000000 150485440.000000 0.000000
2008 1 10 42120984.885986 6909885.500000 0.000000 0.000000 150485440.000000 0.000000
2008 1 11 42075582.316428 6909885.500000 0.000000 0.000000 150485440.000000 0.000000
2008 1 12 42045767.655321 6909885.500000 0.000000 0.000000 150485440.000000 0.000000
2008 1 13 42029379.582503 6909885.500000 0.000000 0.000000 150485440.000000 0.000000
2008 1 14 42022973.761532 6909885.500000 0.000000 0.000000 150485440.000000 0.000000
2008 1 15 42021239.187833 6909885.500000 0.000000 0.000000 150485440.000000 0.000000
2008 1 16 42019521.801927 6909885.500000 0.000000 0.000000 150485440.000000 0.000000
2008 1 17 42017089.426884 6909885.500000 0.000000 0.000000 150485440.000000 0.000000
2008 1 18 42015354.190070 6909885.500000 0.000000 0.000000 150485440.000000 0.000000
2008 1 19 42013634.598784 6909885.500000 0.000000 0.000000 150485440.000000 0.000000
2008 1 20 42012393.848584 6909885.500000 0.000000 0.000000 150485440.000000 0.000000
2008 1 21 42012118.527483 6909885.500000 0.000000 0.000000 150485440.000000 0.000000
2008 1 22 42012116.111470 6909885.500000 0.000000 0.000000 150485440.000000 0.000000
2008 1 23 42012114.972902 6909885.500000 0.000000 0.000000 150485440.000000 0.000000
2008 1 24 42012140.983898 6909885.500000 0.000000 0.000000 150485440.000000 0.000000
2008 1 25 42012719.108409 6909885.500000 0.000000 0.000000 150485440.000000 0.000000
2008 1 26 42012957.442334 6909885.500000 0.000000 0.000000 150485440.000000 0.000000
2008 1 27 42012559.465487 6909885.500000 0.000000 0.000000 150485440.000000 0.000000
2008 1 28 42012847.842930 6909885.500000 0.000000 0.000000 150485440.000000 0.000000
2008 1 29 42023492.029604 6909885.500000 0.000000 0.000000 150485440.000000 0.000000
2008 1 30 42038596.742165 6909885.500000 0.000000 0.000000 150485440.000000 0.000000
2008 1 31 42039045.696219 6909885.500000 0.000000 0.000000 150485440.000000 0.000000
2008 2 1 41999033.728261 6909885.500000 0.000000 0.000000 150485440.000000 0.000000
2008 2 2 41866843.899429 6909885.500000 0.000000 0.000000 150485440.000000 0.000000
2008 2 3 41803930.892953 6909885.500000 0.000000 0.000000 150485440.000000 0.000000
2008 2 4 41801745.033204 6909885.500000 0.000000 0.000000 150485440.000000 0.000000
2008 2 5 41801092.931921 6909885.500000 0.000000 0.000000 150485440.000000 0.000000
2008 2 6 41800565.902698 6909885.500000 0.000000 0.000000 150485440.000000 0.000000
2008 2 7 41800403.191578 6909885.500000 0.000000 0.000000 150485440.000000 0.000000
2008 2 8 41802364.683976 6909885.500000 0.000000 0.000000 150485440.000000 0.000000
2008 2 9 41853292.432784 6909885.500000 0.000000 0.000000 150485440.000000 0.000000
2008 2 10 41920824.072004 6909885.500000 0.000000 0.000000 150485440.000000 0.000000
2008 2 11 42006702.337785 6909885.500000 0.000000 0.000000 150485440.000000 0.000000
2008 2 12 42025703.375549 6909885.500000 0.000000 0.000000 150485440.000000 0.000000
2008 2 13 41943632.038384 6909885.500000 0.000000 0.000000 150485440.000000 0.000000
2008 2 14 41884043.808070 6909885.500000 0.000000 0.000000 150485440.000000 0.000000
2008 2 15 41839729.214435 6909885.500000 0.000000 0.000000 150485440.000000 0.000000
2008 2 16 41818061.787611 6909885.500000 0.000000 0.000000 150485440.000000 0.000000
2008 2 17 41810081.984735 6909885.500000 0.000000 0.000000 150485440.000000 0.000000
2008 2 18 41808800.927921 6909885.500000 0.000000 0.000000 150485440.000000 0.000000
2008 2 19 41809642.509994 6909885.500000 0.000000 0.000000 150485440.000000 0.000000
2008 2 20 41833501.028149 6909885.500000 0.000000 0.000000 150485440.000000 0.000000
2008 2 21 41864071.897239 6909885.500000 0.000000 0.000000 150485440.000000 0.000000
2008 2 22 41861699.428141 6909885.500000 0.000000 0.000000 150485440.000000 0.000000
2008 2 23 41950931.853589 6909885.500000 0.000000 0.000000 150485440.000000 0.000000
2008 2 24 42000338.438259 6909885.500000 0.000000 0.000000 150485440.000000 0.000000
2008 2 25 41929913.463299 6909885.500000 0.000000 0.000000 150485440.000000 0.000000
2008 2 26 41901242.587805 6909885.500000 0.000000 0.000000 150485440.000000 0.000000
2008 2 27 41871865.305438 6909885.500000 0.000000 0.000000 150485440.000000 0.000000
2008 2 28 41838874.837969 6909885.500000 0.000000 0.000000 150485440.000000 0.000000
2008 2 29 41822343.988041 6909885.500000 0.000000 0.000000 150485440.000000 0.000000
2008 3 1 40943285.159050 6909885.500000 0.000000 0.000000 150485440.000000 0.000000
2008 3 2 37479048.963384 6909885.500000 0.000000 0.000000 150485440.000000 0.000000
2008 3 3 35876787.615786 6909885.500000 0.000000 0.000000 150485440.000000 0.000000
2008 3 4 35876052.613003 6909885.500000 0.000000 0.000000 150485440.000000 0.000000
2008 3 5 35871963.159612 6909885.500000 0.000000 0.000000 150485440.000000 0.000000
2008 3 6 35871180.955059 6909885.500000 0.000000 0.000000 150485440.000000 0.000000
2008 3 7 35870702.060072 6909885.500000 0.000000 0.000000 150485440.000000 0.000000
2008 3 8 35870524.311315 6909885.500000 0.000000 0.000000 150485440.000000 0.000000
2008 3 9 35889725.666848 6909885.500000 0.000000 0.000000 150485440.000000 0.000000
2008 3 10 35901525.691213 6909885.500000 0.000000 0.000000 150485440.000000 0.000000
2008 3 11 35890509.567830 6909885.500000 0.000000 0.000000 150485440.000000 0.000000
2008 3 12 35882670.115070 6909885.500000 0.000000 0.000000 150485440.000000 0.000000
2008 3 13 35876284.008159 6909885.500000 0.000000 0.000000 150485440.000000 0.000000
2008 3 14 35876574.321117 6909885.500000 0.000000 0.000000 150485440.000000 0.000000
2008 3 15 35964764.011356 6909885.500000 0.000000 0.000000 150485440.000000 0.000000
2008 3 16 36018428.754078 6909885.500000 0.000000 0.000000 150485440.000000 0.000000
2008 3 17 35969101.006257 6909885.500000 0.000000 0.000000 150485440.000000 0.000000
2008 3 18 35933920.221855 6909885.500000 0.000000 0.000000 150485440.000000 0.000000
2008 3 19 35900749.623869 6909885.500000 0.000000 0.000000 150485440.000000 0.000000
2008 3 20 35882083.243216 6909885.500000 0.000000 0.000000 150485440.000000 0.000000
2008 3 21 35876800.004892 6909885.500000 0.000000 0.000000 150485440.000000 0.000000
2008 3 22 35901943.479464 6909885.500000 0.000000 0.000000 150485440.000000 0.000000
2008 3 23 35933687.641917 6909885.500000 0.000000 0.000000 150485440.000000 0.000000
2008 3 24 35930708.051892 6909885.500000 0.000000 0.000000 150485440.000000 0.000000
2008 3 25 35911334.684006 6909885.500000 0.000000 0.000000 150485440.000000 0.000000
2008 3 26 35890844.663209 6909885.500000 0.000000 0.000000 150485440.000000 0.000000
2008 3 27 35878731.665465 6909885.500000 0.000000 0.000000 150485440.000000 0.000000
2008 3 28 35874119.977756 6909885.500000 0.000000 0.000000 150485440.000000 0.000000
2008 3 29 35878581.739976 6909885.500000 0.000000 0.000000 150485440.000000 0.000000
2008 3 30 35886065.997338 6909885.500000 0.000000 0.000000 150485440.000000 0.000000
2008 3 31 35886147.074127 6909885.500000 0.000000 0.000000 150485440.000000 0.000000
2008 4 1 35705155.545498 6909885.500000 0.000000 0.000000 150485440.000000 0.000000
2008 4 2 31983564.726959 6909885.500000 0.000000 0.000000 150485440.000000 0.000000
2008 4 3 19650637.799212 6909885.500000 0.000000 0.000000 150485440.000000 0.000000
2008 4 4 14026895.921455 6909885.500000 0.000000 0.000000 150485440.000000 0.000000
2008 4 5 13989456.515224 6909885.500000 0.000000 0.000000 150485440.000000 0.000000
2008 4 6 13989616.416748 6909885.500000 0.000000 0.000000 150485440.000000 0.000000
2008 4 7 13989222.309173 6909885.500000 0.000000 0.000000 150485440.000000 0.000000
2008 4 8 13989035.630970 6909885.500000 0.000000 0.000000 150485440.000000 0.000000
2008 4 9 13988606.765861 6909885.500000 0.000000 0.000000 150485440.000000 0.000000
2008 4 10 13988264.098819 6909885.500000 0.000000 0.000000 150485440.000000 0.000000
2008 4 11 13988161.188069 6909885.500000 0.000000 0.000000 150485440.000000 0.000000
2008 4 12 13988151.395443 6909885.500000 0.000000 0.000000 150485440.000000 0.000000
2008 4 13 13988143.137497 6909885.500000 0.000000 0.000000 150485440.000000 0.000000
2008 4 14 13988165.596983 6909885.500000 0.000000 0.000000 150485440.000000 0.000000
2008 4 15 13988795.691445 6909885.500000 0.000000 0.000000 150485440.000000 0.000000
2008 4 16 13989015.716525 6909885.500000 0.000000 0.000000 150485440.000000 0.000000
2008 4 17 13988602.239536 6909885.500000 0.000000 0.000000 150485440.000000 0.000000
2008 4 18 13988436.590289 6909885.500000 0.000000 0.000000 150485440.000000 0.000000
2008 4 19 13988243.454368 6909885.500000 0.000000 0.000000 150485440.000000 0.000000
2008 4 20 13988160.554553 6909885.500000 0.000000 0.000000 150485440.000000 0.000000
2008 4 21 13988132.834883 6909885.500000 0.000000 0.000000 150485440.000000 0.000000
2008 4 22 13988132.605763 6909885.500000 0.000000 0.000000 150485440.000000 0.000000
2008 4 23 13988156.880406 6909885.500000 0.000000 0.000000 150485440.000000 0.000000
2008 4 24 13988771.896717 6909885.500000 0.000000 0.000000 150485440.000000 0.000000
2008 4 25 13989008.643487 6909885.500000 0.000000 0.000000 150485440.000000 0.000000
2008 4 26 13988571.680083 6909885.500000 0.000000 0.000000 150485440.000000 0.000000
2008 4 27 13988407.166436 6909885.500000 0.000000 0.000000 150485440.000000 0.000000
2008 4 28 13988216.914533 6909885.500000 0.000000 0.000000 150485440.000000 0.000000
2008 4 29 13988135.439162 6909885.500000 0.000000 0.000000 150485440.000000 0.000000
2008 4 30 13988108.168067 6909885.500000 0.000000 0.000000 150485440.000000 0.000000
2008 5 1 13981801.352886 6909885.500000 0.000000 0.000000 150485440.000000 0.000000
2008 5 2 13957425.458137 6909885.500000 0.000000 0.000000 150485440.000000 0.000000
2008 5 3 13946092.742805 6909885.500000 0.000000 0.000000 150485440.000000 0.000000
2008 5 4 13945549.735257 6909885.500000 0.000000 0.000000 150485440.000000 0.000000
2008 5 5 13945301.380705 6909885.500000 0.000000 0.000000 150485440.000000 0.000000
2008 5 6 13945044.087456 6909885.500000 0.000000 0.000000 150485440.000000 0.000000
2008 5 7 13944964.533565 6909885.500000 0.000000 0.000000 150485440.000000 0.000000
2008 5 8 13945669.223305 6909885.500000 0.000000 0.000000 150485440.000000 0.000000
2008 5 9 13946179.418449 6909885.500000 0.000000 0.000000 150485440.000000 0.000000
2008 5 10 13951138.490559 6909885.500000 0.000000 0.000000 150485440.000000 0.000000
2008 5 11 13958583.522090 6909885.500000 0.000000 0.000000 150485440.000000 0.000000
2008 5 12 13958595.490564 6909885.500000 0.000000 0.000000 150485440.000000 0.000000
2008 5 13 13954096.830616 6909885.500000 0.000000 0.000000 150485440.000000 0.000000
2008 5 14 13950815.227401 6909885.500000 0.000000 0.000000 150485440.000000 0.000000
2008 5 15 13948355.423875 6909885.500000 0.000000 0.000000 150485440.000000 0.000000
2008 5 16 13946470.404214 6909885.500000 0.000000 0.000000 150485440.000000 0.000000
2008 5 17 13945837.117779 6909885.500000 0.000000 0.000000 150485440.000000 0.000000
2008 5 18 13945540.300318 6909885.500000 0.000000 0.000000 150485440.000000 0.000000
2008 5 19 13945406.470191 6909885.500000 0.000000 0.000000 150485440.000000 0.000000
2008 5 20 13945405.821311 6909885.500000 0.000000 0.000000 150485440.000000 0.000000
2008 5 21 13945961.959827 6909885.500000 0.000000 0.000000 150485440.000000 0.000000
2008 5 22 13946027.325695 6909885.500000 0.000000 0.000000 150485440.000000 0.000000
2008 5 23 13945451.818345 6909885.500000 0.000000 0.000000 150485440.000000 0.000000
2008 5 24 13945247.076543 6909885.500000 0.000000 0.000000 150485440.000000 0.000000
2008 5 25 13945198.402495 6909885.500000 0.000000 0.000000 150485440.000000 0.000000
2008 5 26 13951139.518346 6909885.500000 0.000000 0.000000 150485440.000000 0.000000
2008 5 27 13974839.701954 6909885.500000 0.000000 0.000000 150485440.000000 0.000000
2008 5 28 13989166.241742 6909885.500000 0.000000 0.000000 150485440.000000 0.000000
2008 5 29 13977563.388481 6909885.500000 0.000000 0.000000 150485440.000000 0.000000
2008 5 30 13964357.648693 6909885.500000 0.000000 0.000000 150485440.000000 0.000000
2008 5 31 13954763.668199 6909885.500000 0.000000 0.000000 150485440.000000 0.000000
2008 6 1 14162264.690028 6909885.500000 0.000000 0.000000 150485440.000000 0.000000
2008 6 2 15008339.749201 6909885.500000 0.000000 0.000000 150485440.000000 0.000000
2008 6 3 15400198.980317 6909885.500000 0.000000 0.000000 150485440.000000 0.000000
2008 6 4 15399965.133664 6909885.500000 0.000000 0.000000 150485440.000000 0.000000
2008 6 5 15399857.836654 6909885.500000 0.000000 0.000000 150485440.000000 0.000000
2008 6 6 15399951.180434 6909885.500000 0.000000 0.000000 150485440.000000 0.000000
2008 6 7 15399141.838037 6909885.500000 0.000000 0.000000 150485440.000000 0.000000
2008 6 8 15398412.219611 6909885.500000 0.000000 0.000000 150485440.000000 0.000000
2008 6 9 15398288.307484 6909885.500000 0.000000 0.000000 150485440.000000 0.000000
2008 6 10 15398164.157200 6909885.500000 0.000000 0.000000 150485440.000000 0.000000
2008 6 11 15398637.194873 6909885.500000 0.000000 0.000000 150485440.000000 0.000000
2008 6 12 15398824.029584 6909885.500000 0.000000 0.000000 150485440.000000 0.000000
2008 6 13 15398448.217296 6909885.500000 0.000000 0.000000 150485440.000000 0.000000
2008 6 14 15398329.464355 6909885.500000 0.000000 0.000000 150485440.000000 0.000000
2008 6 15 15398698.834184 6909885.500000 0.000000 0.000000 150485440.000000 0.000000
2008 6 16 15398837.138684 6909885.500000 0.000000 0.000000 150485440.000000 0.000000
2008 6 17 15398465.276582 6909885.500000 0.000000 0.000000 150485440.000000 0.000000
2008 6 18 15398795.976171 6909885.500000 0.000000 0.000000 150485440.000000 0.000000
2008 6 19 15398817.175064 6909885.500000 0.000000 0.000000 150485440.000000 0.000000
2008 6 20 15398440.516456 6909885.500000 0.000000 0.000000 150485440.000000 0.000000
2008 6 21 15398314.724557 6909885.500000 0.000000 0.000000 150485440.000000 0.000000
2008 6 22 15398666.222214 6909885.500000 0.000000 0.000000 150485440.000000 0.000000
2008 6 23 15398797.759444 6909885.500000 0.000000 0.000000 150485440.000000 0.000000
2008 6 24 15398422.635654 6909885.500000 0.000000 0.000000 150485440.000000 0.000000
2008 6 25 15398302.551686 6909885.500000 0.000000 0.000000 150485440.000000 0.000000
2008 6 26 15398661.299172 6909885.500000 0.000000 0.000000 150485440.000000 0.000000
2008 6 27 15398804.696647 6909885.500000 0.000000 0.000000 150485440.000000 0.000000
2008 6 28 15398425.134041 6909885.500000 0.000000 0.000000 150485440.000000 0.000000
2008 6 29 15398285.320854 6909885.500000 0.000000 0.000000 150485440.000000 0.000000
2008 6 30 15398658.707448 6909885.500000 0.000000 0.000000 150485440.000000 0.000000
